073 394 8240
073 394 8171
073 394 8026
073 394 8121
0733948236
073 394 8271
073 394 8381
073 394 8176
073 394 8165
073 394 8105
073 394 8141
073 394 8360
073 394 8122
073 394 8118
073 394 8193
073 394 8124
073 394 8428
073 394 8202
073 394 8055
073 3948110
0733949354
073 3948131
073 394 8380
073 394 8058
073 394 8138
073 394 8095
073 394 8063
073 394 8378
073 394 8382
073 394 8142
073 394 8176
073 394 8165
073 394 8168
+972 733949370
073 394 8065
073 394 8143
073 394 8173
073 394 8164
073 394 8313
073 394 8149
073 394 8118
073 394 8150
073 394 8098
0733949354
073 394 8144
073 394 8137
073 394 8319
073 394 8381
073 394 8122
073 394 8044
073 3948131



